4046
960
1280
14;765;0;773
2;770;6;768
3;770;7;768
3;771;8;768
3;773;17;765
10;768;15;765
22;764;11;775
23;779;13;777
18;765;20;764
23;764;25;763
33;760;28;763
34;760;29;763
37;759;32;762
35;785;33;785
36;760;42;757
36;786;47;788
39;759;41;758
46;756;40;759
47;790;115;809
50;755;48;756
62;751;54;755
55;773;60;770
56;774;58;775
60;775;56;775
58;792;56;792
63;751;58;754
58;770;62;770
63;769;66;769
63;777;65;769
64;777;77;765
67;768;68;768
68;750;70;750
69;778;71;778
70;768;71;768
71;750;76;747
71;779;73;779
74;749;77;747
89;785;74;779
75;749;80;746
81;764;76;767
78;765;77;766
90;801;77;798
79;782;86;783
82;764;80;765
84;745;82;746
85;745;83;746
85;763;84;764
92;742;87;745
96;741;88;745
89;801;88;801
91;762;89;763
97;741;92;744
94;761;93;762
96;760;94;760
94;762;102;757
103;757;98;760
99;741;101;740
102;740;100;741
102;805;105;805
103;788;107;788
104;757;106;757
105;788;109;790
106;739;109;739
109;806;106;806
109;737;107;739
109;738;108;739
110;756;109;756
110;737;112;737
112;755;111;755
113;737;114;736
114;755;113;755
127;793;113;791
117;736;115;736
120;752;115;755
116;754;119;752
117;791;118;791
118;736;119;734
121;752;118;754
121;734;120;734
122;752;123;751
150;798;123;793
124;733;126;732
127;732;125;733
127;750;126;751
127;751;128;750
130;732;135;729
131;813;130;811
131;812;130;813
136;729;131;732
131;750;132;749
134;731;139;728
134;749;136;747
135;749;138;747
136;748;137;747
140;814;137;814
141;746;139;747
139;796;141;797
152;816;141;815
142;746;144;745
145;727;143;728
145;745;143;746
143;815;145;815
151;742;147;745
149;726;148;726
150;726;154;724
151;743;150;744
151;744;152;742
157;800;151;799
151;800;171;803
153;818;155;818
157;741;155;742
157;723;156;723
158;723;160;722
159;740;158;741
158;819;160;819
162;308;159;308
160;740;159;741
163;308;160;306
161;308;161;304
161;740;163;739
167;307;162;303
164;303;164;302
164;308;178;293
166;803;164;803
176;307;165;308
168;737;165;739
167;719;166;721
166;739;171;736
166;820;169;820
175;307;167;301
167;721;171;718
168;300;168;307
171;298;169;299
172;307;172;298
175;716;172;718
172;736;174;735
174;718;178;715
175;734;175;735
186;306;176;296
177;307;185;306
178;823;178;821
179;805;180;805
182;733;182;732
183;292;183;291
184;291;184;290
193;306;184;307
185;289;185;290
187;806;186;806
188;288;187;288
187;713;192;710
188;287;190;286
189;711;188;712
189;712;188;713
189;286;189;287
193;729;189;729
189;731;189;730
191;824;190;824
193;710;191;711
191;806;191;808
194;808;192;808
192;824;193;824
193;826;199;826
194;285;194;284
194;710;196;709
195;710;197;709
197;727;195;728
223;812;195;808
196;283;196;284
197;282;202;280
198;281;198;282
204;706;199;709
200;280;200;281
201;708;203;706
205;279;202;279
202;708;206;705
202;726;206;724
202;827;218;828
221;304;205;306
206;278;206;277
207;277;207;276
207;827;208;827
208;724;212;722
210;704;209;705
210;828;212;828
211;274;211;275
211;306;227;304
211;704;212;704
212;304;212;306
213;306;213;304
213;704;220;700
216;304;214;304
215;810;214;810
214;828;216;828
215;273;215;272
215;722;219;719
216;272;216;271
217;306;231;304
217;703;221;700
218;271;219;270
220;719;218;721
219;269;227;266
219;829;225;829
237;304;221;306
223;286;225;285
223;287;277;258
249;274;223;288
223;700;225;699
224;813;223;813
226;266;224;266
224;718;226;716
225;289;228;284
227;716;225;718
225;813;226;813
226;289;273;285
229;265;227;265
227;829;227;831
228;829;228;831
231;263;229;263
229;283;232;288
229;284;233;282
229;511;230;513
229;512;230;514
229;715;231;715
229;831;230;831
230;509;231;514
230;813;231;813
231;831;265;834
232;262;235;262
232;514;239;507
232;715;233;714
236;814;232;813
233;281;237;280
234;513;233;509
234;508;233;513
234;714;233;715
236;513;243;506
236;695;240;692
237;713;236;714
237;814;238;814
239;259;240;259
239;513;240;507
241;711;239;713
240;278;241;278
240;304;243;304
242;513;240;513
242;815;240;814
241;257;246;256
241;507;289;486
246;286;242;277
246;513;242;506
244;276;249;286
248;304;244;304
244;513;246;504
249;747;244;744
244;815;248;815
245;288;248;286
248;747;245;747
254;286;246;288
246;747;246;744
250;513;247;513
251;742;247;742
259;747;247;743
250;742;247;747
251;252;248;255
248;504;253;513
248;742;256;746
251;253;249;253
249;513;251;502
255;687;250;690
251;747;250;747
250;815;277;819
251;272;252;272
251;304;253;304
252;502;252;501
252;741;253;741
260;740;252;747
253;251;253;252
256;304;254;304
254;741;255;741
257;251;256;251
257;268;256;270
257;705;256;706
257;687;258;686
258;740;257;740
268;737;257;746
258;250;259;250
258;500;354;458
260;704;259;705
260;248;260;249
260;686;264;683
261;747;260;747
266;265;261;266
261;816;262;818
262;247;263;247
262;514;264;514
265;747;262;740
262;747;264;747
263;739;269;747
264;246;265;246
264;247;265;245
265;496;264;498
264;685;267;682
264;739;268;747
270;747;265;738
265;739;271;747
266;263;266;264
266;702;267;701
266;782;266;783
266;785;270;785
266;834;273;836
272;243;267;244
272;303;267;304
270;681;268;682
269;700;268;701
272;785;268;781
270;494;269;495
269;780;274;785
269;836;269;834
270;514;272;514
274;779;270;780
272;736;271;736
272;779;271;779
273;699;272;700
273;514;274;516
274;680;273;681
274;736;273;736
282;785;273;779
275;492;276;491
275;493;277;491
275;516;276;516
275;680;278;678
279;696;275;699
275;734;276;734
275;778;276;778
286;786;275;779
276;259;276;260
280;303;276;303
276;514;277;516
276;680;280;677
278;516;277;514
277;698;278;697
289;786;277;778
277;785;279;785
278;698;281;696
280;778;279;778
280;785;281;785
281;257;282;257
282;489;281;490
283;777;281;777
282;238;282;239
283;489;282;490
283;676;282;677
283;677;284;676
283;747;284;749
284;776;283;776
286;516;284;516
284;775;298;773
284;785;289;775
285;749;285;747
289;673;286;676
286;732;294;728
286;747;291;749
287;237;287;235
287;254;287;255
287;487;287;488
293;517;287;516
289;747;287;749
288;254;288;253
288;675;290;673
290;747;288;749
305;228;289;235
289;675;293;672
290;285;296;285
291;691;290;692
292;234;292;233
292;485;293;484
293;303;297;303
298;749;293;749
293;773;293;774
296;484;294;484
306;227;295;233
295;517;302;518
295;671;295;672
295;690;298;688
296;670;296;671
299;688;296;690
297;232;297;231
297;285;300;285
297;689;297;688
298;838;297;837
298;303;302;303
300;517;298;517
299;248;299;250
299;483;301;481
300;838;321;838
302;247;301;248
301;285;307;285
301;517;312;519
301;669;303;668
302;499;307;497
306;501;302;501
302;772;303;770
305;501;303;501
304;247;304;246
304;687;304;686
304;786;306;786
305;303;309;303
305;480;307;478
305;668;308;665
305;725;305;726
306;724;306;725
307;501;307;496
309;665;307;667
308;749;310;749
308;838;314;838
309;225;309;227
309;684;309;685
313;224;310;225
310;244;310;243
311;303;310;303
310;495;310;501
331;522;310;518
310;683;310;684
311;225;311;224
311;495;311;501
316;303;312;303
312;501;312;495
312;723;312;722
313;501;316;493
315;663;313;664
314;224;314;223
314;501;316;501
316;821;314;821
315;222;315;223
315;242;315;240
381;463;315;494
315;682;315;681
317;501;318;501
318;503;319;491
322;659;318;662
318;821;320;821
318;823;326;823
319;661;319;662
319;721;320;719
326;731;319;734
324;303;320;303
320;680;320;679
321;734;320;735
322;737;320;736
321;521;321;519
321;678;321;679
322;286;324;286
322;519;322;521
330;839;322;839
323;719;324;718
325;732;323;737
323;787;324;787
324;736;325;734
325;219;325;218
325;787;327;787
326;658;328;657
326;718;328;716
326;736;327;731
327;236;327;237
327;304;329;304
331;655;327;658
327;717;327;718
327;736;332;729
327;823;333;823
328;236;328;235
328;717;350;747
330;769;328;769
329;235;330;234
333;286;329;286
337;736;329;731
330;731;329;736
330;486;330;488
330;504;334;504
330;655;330;657
331;486;333;486
331;675;331;674
331;730;339;736
334;728;331;736
332;673;332;674
352;734;332;715
335;728;332;736
339;230;333;233
333;654;333;655
333;715;334;714
333;729;333;736
333;839;336;841
335;654;335;653
338;727;335;736
338;841;335;839
336;214;397;189
336;652;336;653
340;711;336;714
336;736;337;728
336;839;339;841
337;505;337;504
337;671;337;672
357;734;337;714
337;839;340;841
338;230;338;232
338;506;345;506
338;670;338;671
349;736;338;728
339;465;339;464
339;712;339;713
343;229;340;230
340;464;340;463
341;650;340;651
340;712;351;723
345;286;341;286
341;523;347;524
342;726;341;736
341;749;346;747
342;669;342;668
349;747;342;749
342;788;344;788
343;711;354;722
344;725;343;736
344;523;352;524
355;721;344;710
353;734;344;726
353;824;344;823
345;229;345;228
345;288;346;286
345;304;349;304
345;724;345;725
347;749;345;749
347;288;346;288
347;647;346;649
350;734;346;736
347;667;347;666
347;709;357;719
357;720;347;710
348;666;348;665
359;734;348;723
351;459;349;459
352;207;350;207
356;205;350;209
350;304;354;304
350;709;413;681
352;747;350;749
363;221;351;225
351;507;353;508
351;646;352;645
360;719;351;708
354;749;351;747
353;747;351;749
369;788;351;788
352;663;352;664
359;719;352;708
352;736;354;734
354;747;352;749
354;288;353;288
353;526;353;524
353;736;356;734
353;749;355;747
354;645;357;642
362;734;355;736
357;747;355;749
386;193;356;204
356;644;359;641
358;288;357;288
357;455;357;456
357;662;357;661
365;716;357;705
359;203;358;204
362;304;358;304
362;306;358;306
358;661;358;660
366;716;358;705
359;508;361;509
361;640;361;641
361;704;372;714
366;220;363;220
364;304;363;306
363;527;367;529
363;659;363;658
364;453;364;452
364;717;364;718
365;511;365;509
366;637;365;639
365;657;365;658
366;306;367;306
366;452;369;449
368;824;366;824
368;655;367;657
368;288;370;289
368;637;368;636
368;657;374;651
370;200;369;200
369;218;369;219
369;715;370;714
378;215;370;217
373;216;370;218
370;635;370;636
374;769;370;770
372;512;375;512
372;653;372;652
374;447;374;448
374;467;374;466
374;633;374;634
376;306;375;306
375;632;375;633
375;712;375;713
377;769;375;769
376;447;376;446
376;711;376;712
376;747;380;746
381;289;377;289
377;306;379;306
377;446;377;445
377;734;379;734
379;531;378;530
379;445;379;444
379;631;383;627
404;841;379;841
384;307;380;306
381;788;380;788
384;291;381;291
381;443;381;444
381;648;381;647
381;769;394;769
382;213;382;214
383;709;382;710
383;212;383;213
383;694;393;705
383;746;390;746
385;788;383;788
384;443;385;442
410;448;384;460
386;253;385;253
386;250;388;248
386;442;386;441
386;514;386;515
386;645;386;646
397;252;387;252
389;439;387;441
387;515;387;516
387;626;387;625
388;624;388;625
388;645;388;644
388;707;388;706
391;705;388;708
389;642;389;644
390;733;389;734
394;245;390;252
401;434;390;439
390;826;392;826
391;439;393;436
404;746;391;746
391;824;395;826
392;252;403;243
394;308;392;307
392;438;394;436
392;623;392;622
392;641;392;642
392;746;394;746
393;517;395;518
393;622;393;621
393;640;393;641
396;826;393;824
394;824;398;826
403;432;395;436
395;620;395;621
395;746;397;746
395;824;401;826
397;190;396;190
396;209;397;207
396;435;396;436
396;619;396;620
399;308;397;308
397;518;401;520
397;618;397;619
397;639;397;638
398;768;397;769
397;824;397;826
398;252;399;244
398;435;398;434
399;453;398;454
398;638;398;637
398;703;398;702
399;252;400;244
399;617;399;618
399;702;399;701
399;824;399;826
403;431;400;434
402;636;400;636
400;826;400;824
401;308;403;308
404;613;401;617
401;701;402;700
401;824;402;824
404;243;402;252
403;451;403;450
408;540;403;537
403;634;403;635
404;252;406;243
404;633;404;634
404;700;404;699
405;252;407;242
405;431;406;430
405;450;406;449
405;632;405;633
406;824;405;824
406;841;405;841
406;252;408;242
406;612;406;613
406;684;406;683
407;252;409;242
407;539;423;548
407;631;407;632
411;841;407;841
409;429;408;430
408;612;408;611
409;631;426;616
410;185;410;186
410;242;410;240
411;427;410;429
410;611;410;609
410;630;410;629
410;698;410;696
411;184;411;185
413;311;411;309
411;446;411;447
431;553;411;540
411;609;411;608
411;628;411;629
412;446;413;445
412;607;412;608
412;627;412;628
417;311;413;309
418;311;414;309
416;311;414;311
414;607;414;606
416;678;414;680
416;693;414;695
415;425;415;426
415;444;415;445
439;539;415;524
415;606;415;605
415;626;415;625
415;680;425;688
415;695;415;693
416;200;416;201
416;605;416;604
418;677;416;679
451;841;416;841
417;183;417;181
417;199;417;200
428;436;417;425
417;443;417;444
417;603;417;604
417;623;417;624
418;623;419;623
418;788;419;787
419;423;421;421
419;602;419;603
421;732;419;732
422;252;420;252
420;528;430;534
420;546;420;545
420;602;420;600
420;621;420;622
421;676;420;677
420;692;420;691
421;294;421;295
423;312;421;311
422;421;421;422
422;440;421;442
421;599;421;600
421;620;421;621
421;677;422;676
422;296;425;296
422;620;422;619
423;732;422;732
428;594;423;599
423;618;423;619
423;676;426;673
424;198;424;197
424;421;425;420
424;597;428;593
434;685;424;689
424;690;427;687
428;731;424;732
424;768;425;767
425;439;425;438
425;530;443;543
428;550;425;548
425;595;425;596
439;604;425;618
425;675;430;670
426;438;426;437
426;787;440;787
427;237;427;236
429;296;427;296
428;417;427;419
427;841;429;841
428;419;429;417
428;592;430;590
428;616;429;613
428;673;431;670
429;686;428;687
433;314;429;312
429;590;432;587
429;671;430;671
430;744;429;745
430;314;431;312
430;416;430;417
430;436;430;435
433;585;430;588
432;234;431;235
432;178;432;177
432;196;432;195
443;299;432;297
432;415;432;416
433;609;432;612
433;669;432;670
433;176;433;177
433;194;467;184
433;415;433;414
433;584;434;583
434;668;433;670
434;683;433;685
436;233;434;234
434;433;436;432
434;580;434;582
435;432;443;428
435;560;437;561
437;562;435;561
437;575;435;577
435;578;436;577
435;606;442;600
436;668;437;667
436;767;468;764
443;232;437;233
437;315;439;315
437;668;440;665
450;729;437;729
438;412;439;410
439;665;438;667
440;409;439;411
443;599;439;602
443;678;439;667
439;682;441;680
444;597;440;601
441;664;443;664
442;543;444;545
444;191;443;192
444;316;443;316
443;408;443;407
445;677;443;680
444;427;444;426
444;595;447;593
444;596;444;598
448;173;445;173
445;299;446;300
445;407;445;406
450;551;445;547
445;594;446;593
445;663;448;660
456;420;446;425
446;677;447;676
447;301;449;301
449;317;447;316
447;406;448;404
456;478;447;475
447;662;450;659
448;676;447;677
447;744;449;742
447;765;447;767
451;171;448;171
448;190;448;189
453;319;448;316
448;474;450;472
448;477;448;476
449;551;448;550
448;589;448;591
448;590;450;588
450;742;448;744
448;765;448;767
449;230;450;229
449;477;458;468
450;587;449;588
450;675;449;676
451;742;449;744
452;841;449;839
449;841;451;839
450;301;454;302
450;423;450;424
458;469;450;477
451;553;450;552
452;742;450;744
470;839;450;839
451;402;451;403
451;423;452;421
451;472;459;480
461;467;451;477
452;555;451;554
452;556;451;555
452;582;451;583
451;586;451;584
452;658;451;659
453;673;451;675
452;317;456;319
454;319;452;318
452;471;462;481
461;481;452;472
462;467;452;477
452;659;456;655
452;673;452;675
481;785;452;786
453;401;453;402
464;482;453;471
453;562;455;564
455;573;453;575
454;841;453;839
454;839;453;841
455;187;454;188
454;253;468;255
456;419;454;420
454;471;465;482
456;656;454;658
455;228;459;228
458;255;455;253
455;302;456;302
455;401;458;396
457;480;455;478
455;672;457;670
455;729;456;728
456;170;457;169
456;253;459;255
457;303;456;303
456;479;457;479
456;657;458;654
459;253;457;253
459;320;457;320
457;418;459;417
458;417;457;419
459;669;457;671
463;184;458;187
458;303;459;303
458;655;463;650
460;416;459;416
461;227;460;227
460;304;462;304
460;320;462;321
460;415;462;414
461;653;460;654
461;668;460;669
467;741;460;741
461;415;462;413
461;669;463;667
463;226;462;227
462;305;463;305
462;652;464;650
462;668;462;667
464;225;463;227
465;242;463;240
463;306;472;308
467;411;463;413
466;240;464;242
464;321;467;324
464;412;464;413
464;728;468;727
465;168;469;165
467;410;465;412
468;463;465;466
465;649;465;650
465;665;465;666
465;667;466;664
468;166;466;166
466;239;472;237
467;322;467;323
467;649;467;647
468;664;468;663
470;741;468;741
469;785;468;786
468;823;480;821
474;242;469;242
469;646;469;647
470;183;472;182
471;386;470;388
470;663;470;662
470;727;472;727
471;224;493;244
471;646;471;645
471;741;473;741
472;183;473;182
472;823;484;821
476;181;473;181
475;222;473;224
474;256;473;255
473;325;474;326
473;386;473;385
476;459;473;462
473;644;473;645
473;660;473;662
474;164;478;164
475;237;474;237
474;325;475;326
474;385;474;384
474;406;474;404
474;644;474;643
474;659;474;660
477;740;474;741
481;243;475;243
475;310;475;309
477;641;475;643
514;760;475;764
476;821;475;823
475;838;481;838
477;327;476;327
476;659;476;658
481;221;477;222
478;235;486;234
478;236;478;237
478;311;479;312
478;328;478;327
487;469;478;459
481;637;478;641
479;656;478;657
481;654;478;658
485;161;479;163
479;180;515;170
479;328;479;329
479;458;488;468
480;458;479;459
480;180;480;179
481;312;480;312
480;330;480;329
480;379;480;378
499;462;480;473
480;474;520;450
483;636;480;640
481;256;482;257
483;314;481;314
481;377;492;388
481;398;484;397
494;158;482;163
482;221;493;232
482;330;482;331
483;375;482;377
482;727;483;726
482;740;486;739
483;783;482;785
482;838;484;838
483;162;483;161
483;243;490;233
484;374;483;376
483;456;483;457
484;490;483;489
485;635;483;637
483;654;483;653
485;315;484;314
492;342;484;331
487;371;484;373
484;395;488;393
484;456;484;455
484;652;485;651
487;650;484;653
485;783;484;785
494;232;485;243
488;370;485;372
485;455;485;454
485;470;495;481
485;740;489;739
487;821;485;821
486;243;492;232
486;333;493;343
487;334;486;334
486;635;486;634
486;651;486;650
487;161;488;160
488;244;487;243
487;454;488;453
494;217;488;220
488;316;489;317
488;634;488;632
488;649;488;650
489;160;492;160
489;177;489;178
489;391;491;390
489;649;489;648
493;158;490;160
490;366;490;367
493;450;490;453
490;647;491;647
491;724;490;726
491;176;494;176
491;339;491;340
493;360;491;366
491;631;491;630
491;726;492;724
496;217;492;219
492;318;492;320
492;452;495;449
492;630;492;628
492;647;506;634
493;218;493;217
496;258;493;258
493;348;493;346
493;628;494;627
493;646;493;645
494;321;494;320
496;783;494;783
495;837;494;837
495;175;498;175
497;217;495;217
495;321;495;322
495;384;495;385
495;626;495;627
500;639;495;645
496;232;497;230
496;322;499;326
504;459;496;449
496;465;501;462
498;483;496;481
496;625;496;626
497;157;501;157
497;259;497;258
497;324;498;324
497;383;497;381
505;458;497;448
504;458;497;449
500;484;497;481
497;497;508;488
497;625;497;624
497;643;497;641
513;780;497;783
503;260;498;260
499;325;498;325
498;380;500;379
498;641;498;640
498;739;499;737
499;379;501;378
499;622;499;623
499;739;500;737
501;837;499;837
515;227;500;229
501;326;500;326
500;622;500;621
501;737;500;739
501;447;501;446
501;639;501;638
505;156;502;156
502;215;502;216
502;245;504;247
503;371;502;376
502;446;509;456
502;459;502;460
502;500;514;492
502;638;502;637
606;808;502;820
503;229;505;229
503;330;504;330
503;444;503;445
513;626;503;618
503;636;503;637
503;724;504;723
503;762;504;760
504;173;508;173
505;331;504;331
504;485;508;489
509;506;504;501
504;617;508;613
504;635;506;633
504;762;505;762
505;332;506;332
505;368;505;370
517;494;505;502
505;616;505;617
505;737;520;736
512;213;506;215
507;228;506;229
506;503;518;495
506;616;506;615
518;780;506;782
507;337;507;334
507;442;507;443
516;624;507;615
531;605;507;633
508;155;512;155
508;171;514;171
508;215;509;214
508;337;508;339
508;441;516;452
508;630;508;632
521;735;508;736
508;819;509;819
509;346;509;341
509;440;509;441
509;505;512;508
518;621;509;612
509;613;520;619
509;629;509;630
520;836;509;836
510;228;511;227
518;450;510;440
521;498;510;506
510;507;521;497
510;612;519;621
510;628;510;629
512;780;510;782
511;354;511;345
511;490;512;490
514;722;511;723
512;836;511;836
512;153;527;151
512;212;514;212
512;214;513;212
512;507;527;524
512;609;523;616
513;248;515;250
520;251;513;262
513;608;522;617
514;836;513;836
514;437;514;439
514;508;528;524
514;608;514;606
521;780;514;780
515;437;515;436
522;498;515;509
515;604;526;612
515;836;517;836
516;227;516;226
526;610;516;603
526;759;516;759
518;211;517;212
517;226;517;225
525;446;517;435
517;436;525;447
517;512;520;513
517;602;527;609
518;225;526;224
518;513;529;505
529;608;518;600
518;722;550;716
533;818;518;819
518;836;519;836
521;265;519;263
522;432;519;434
526;446;519;450
520;263;520;264
527;445;520;434
520;515;521;515
533;733;520;734
521;251;525;251
522;265;521;264
521;434;521;432
531;603;521;595
521;596;531;604
521;598;530;605
532;834;521;834
521;836;522;836
532;602;522;594
539;719;522;722
522;780;524;779
524;168;523;169
530;443;523;432
523;517;533;509
533;601;523;593
532;601;523;594
525;779;523;780
525;266;524;265
524;499;543;523
525;500;524;500
524;518;534;510
524;592;534;600
524;722;525;721
525;252;527;252
526;501;525;501
525;519;531;508
535;597;525;589
535;598;525;590
535;599;525;591
528;266;526;266
531;426;526;429
526;445;538;438
526;587;537;596
526;588;536;596
526;734;527;733
526;757;545;756
527;168;546;163
528;222;527;224
527;584;538;593
529;583;527;585
527;586;537;594
530;166;528;168
529;222;528;223
528;429;528;428
528;583;539;592
528;733;539;732
528;757;532;757
532;267;529;267
529;524;529;526
530;150;531;148
531;166;530;167
530;507;537;514
535;541;530;527
531;531;530;530
530;581;530;578
530;721;532;719
531;149;532;148
531;150;534;148
532;221;531;222
531;253;532;253
542;419;531;425
533;440;531;443
532;573;531;574
542;584;531;577
579;713;531;719
547;204;532;209
533;254;532;254
543;524;532;533
544;525;532;535
532;571;534;569
534;570;532;572
533;207;533;209
539;220;533;221
539;436;533;425
534;599;533;600
533;779;535;778
533;833;534;833
534;166;535;165
535;268;534;268
542;418;534;423
540;436;534;424
534;536;544;527
535;564;534;565
534;733;613;721
535;439;542;435
545;531;535;540
537;551;535;553
536;778;544;778
538;833;536;833
537;269;537;268
537;595;538;594
541;147;538;147
539;164;538;165
538;270;538;269
538;436;545;432
538;517;539;517
538;756;553;755
539;165;541;164
539;207;541;206
539;270;540;270
563;831;539;833
540;587;542;585
542;586;540;588
553;716;540;719
541;257;543;257
543;146;542;147
542;206;552;203
549;428;542;417
544;273;543;271
543;417;550;428
544;580;543;581
543;582;544;581
545;777;543;778
544;204;544;206
551;427;544;416
547;531;544;528
544;577;544;579
545;415;546;414
545;530;547;532
545;573;547;570
545;575;547;571
545;576;547;573
546;777;548;777
547;219;551;217
547;259;547;258
548;536;547;535
547;569;548;567
548;718;547;718
552;217;548;219
548;259;548;260
549;411;548;412
556;424;548;413
549;163;552;161
550;218;549;218
549;558;549;559
550;274;550;275
557;405;550;409
556;406;550;410
557;421;550;411
550;427;556;423
551;162;551;161
553;275;551;275
551;777;555;775
551;815;553;815
553;261;552;261
552;777;554;777
553;143;553;145
553;731;556;731
554;161;556;161
554;203;562;202
554;755;559;754
555;262;556;262
556;278;555;276
555;716;559;715
564;831;555;831
556;277;558;278
562;419;556;422
556;775;562;775
567;201;557;202
562;142;559;143
559;264;560;264
559;279;561;279
561;419;559;420
560;265;562;265
560;401;562;400
604;708;560;715
560;754;564;752
562;814;560;814
563;158;561;160
561;216;563;215
561;280;563;280
561;754;565;752
562;160;564;158
564;266;562;266
562;398;563;398
565;415;562;417
562;418;565;416
562;728;564;728
563;397;564;397
567;752;563;754
569;774;563;774
581;828;563;829
564;142;566;140
570;140;565;140
565;267;566;267
565;282;566;282
570;411;565;414
566;268;568;268
566;283;567;283
571;410;566;413
687;181;567;200
567;215;569;214
567;284;568;284
567;813;569;813
568;201;568;200
568;214;579;212
568;270;570;270
569;285;571;285
570;214;574;212
570;390;581;396
572;751;570;752
571;773;570;774
571;157;575;157
571;214;573;214
571;271;572;271
571;286;572;286
571;389;582;395
571;390;580;378
571;409;571;408
571;714;580;711
573;751;571;752
571;813;572;813
573;272;572;272
572;388;572;387
572;408;572;407
579;773;572;773
572;828;574;828
573;139;578;139
574;273;573;273
573;288;574;288
573;386;573;385
573;407;573;406
574;811;573;811
574;199;575;199
574;214;580;211
592;210;575;212
576;274;575;274
576;291;575;289
575;290;576;290
575;406;575;405
584;394;576;384
576;404;576;403
577;139;579;138
579;275;577;275
577;291;577;292
577;402;577;403
578;751;580;750
591;287;579;292
579;293;580;293
580;400;579;400
581;750;579;751
580;138;584;138
589;197;580;198
580;276;580;277
580;294;581;296
580;295;581;295
581;375;580;376
587;772;580;772
581;138;583;138
596;152;581;156
581;278;582;278
583;372;581;374
581;711;583;711
583;155;582;156
582;296;582;297
582;374;583;373
589;827;582;827
584;299;583;297
584;279;586;283
584;280;585;280
586;302;584;297
584;371;584;372
585;137;586;137
585;367;596;374
596;375;585;368
596;376;585;369
585;392;585;393
585;726;586;726
587;749;585;750
587;303;586;300
586;366;588;364
586;391;586;390
589;614;586;611
588;610;586;613
589;609;586;614
589;724;586;724
586;750;588;749
590;826;586;827
587;155;588;154
587;284;588;284
587;366;597;373
591;608;587;614
587;710;589;710
588;155;589;153
589;307;588;303
588;363;599;371
589;387;588;388
588;390;588;389
588;614;593;607
591;770;588;770
591;288;589;284
589;306;591;312
599;368;589;361
592;613;589;610
590;307;590;309
590;358;601;366
601;367;590;359
590;385;590;386
593;608;590;613
590;724;601;722
591;135;593;135
595;153;591;153
595;326;591;310
591;355;591;354
596;605;591;613
591;826;597;826
593;289;592;289
592;351;593;351
592;352;603;360
596;723;592;723
596;747;592;749
594;770;592;770
597;194;593;196
600;209;593;209
594;290;593;290
593;312;594;317
593;314;603;305
593;348;594;347
594;380;593;380
593;381;593;383
593;613;594;612
596;709;593;709
594;135;595;135
604;307;594;316
594;319;604;308
594;340;595;339
594;342;594;344
600;612;594;606
594;607;599;612
594;749;598;747
596;826;594;826
596;294;595;291
595;293;598;294
595;323;606;312
595;327;595;328
595;337;595;335
595;379;595;377
595;450;600;449
597;449;595;452
595;612;600;604
597;769;595;769
596;194;598;194
602;603;596;612
596;824;604;824
597;135;598;134
597;152;602;152
597;452;601;449
597;453;602;449
597;605;603;611
597;808;599;808
599;296;598;296
598;372;598;373
598;453;603;449
604;611;598;605
598;612;604;601
601;769;598;769
600;298;599;298
601;368;599;369
599;604;606;611
600;134;602;134
602;207;600;207
601;299;600;299
607;448;600;453
601;208;601;207
601;453;608;448
602;303;603;303
602;363;603;362
602;708;613;719
602;746;606;746
623;764;602;769
603;134;633;129
607;151;603;151
611;447;603;453
603;768;609;768
606;448;604;449
615;445;604;453
604;602;610;609
605;308;608;323
605;453;614;446
605;708;616;719
605;823;608;823
609;133;606;133
606;453;617;445
606;708;617;719
607;806;606;806
620;718;607;721
608;329;608;333
608;336;608;337
608;338;608;340
619;445;608;453
611;609;608;611
610;745;608;746
612;806;608;806
621;444;609;453
615;608;609;599
609;600;616;608
609;706;612;706
609;823;611;823
610;151;611;150
618;608;610;599
611;192;618;192
613;609;611;599
613;150;612;150
615;204;612;206
625;452;612;452
619;608;612;598
639;818;612;821
612;822;612;823
617;204;613;206
616;445;613;452
613;598;620;594
619;705;613;705
613;745;615;744
616;767;613;767
626;804;613;805
614;206;614;204
614;596;622;606
621;606;614;597
615;705;614;705
615;150;617;148
618;445;615;452
616;150;618;148
647;201;616;204
617;150;619;148
620;204;618;204
618;744;622;742
622;444;619;452
627;605;619;595
623;444;620;452
628;605;620;595
620;608;625;605
624;742;620;744
621;130;629;130
621;203;688;196
629;605;621;594
621;744;625;742
621;765;624;764
631;442;622;452
622;594;630;605
622;704;624;704
626;716;622;718
633;803;622;804
625;148;623;148
623;452;632;442
623;718;627;716
624;189;624;190
624;593;632;604
626;189;625;189
627;203;625;203
626;443;625;444
628;716;625;718
628;147;626;147
626;718;631;715
628;742;630;741
628;764;658;757
629;147;631;147
629;452;633;442
635;440;630;452
630;702;631;702
631;701;637;701
631;741;646;739
632;147;633;147
632;763;634;763
633;802;632;803
634;587;633;587
634;129;636;129
642;146;634;146
634;801;646;800
634;818;636;818
636;440;635;442
635;587;650;578
635;740;643;739
636;586;640;583
636;715;638;714
639;128;638;129
638;700;641;700
639;816;641;816
640;440;641;439
640;800;647;799
644;128;641;128
643;601;641;603
644;601;642;603
644;713;642;714
701;746;642;762
645;145;643;145
643;439;645;437
649;699;643;699
643;760;647;760
644;439;646;437
645;582;652;577
645;815;646;815
646;713;650;711
647;145;651;143
718;192;647;199
647;699;656;710
651;711;647;713
647;737;647;739
647;798;670;795
650;127;648;128
648;713;654;710
648;737;658;736
649;145;676;140
649;579;649;580
649;798;651;798
650;187;651;187
657;127;652;127
669;142;652;143
653;450;652;452
653;452;654;450
655;710;653;711
654;436;655;435
654;452;655;450
654;757;654;758
656;450;655;452
657;576;655;576
661;184;656;186
656;452;658;450
656;576;660;573
659;450;657;452
658;125;659;125
658;127;674;124
658;186;660;186
658;452;660;450
658;598;661;598
676;731;658;734
659;575;659;574
659;813;660;813
660;125;664;125
660;435;661;434
660;574;664;572
660;709;663;709
662;434;665;432
666;432;663;434
663;596;663;598
663;811;686;808
664;695;673;706
667;432;665;434
665;694;670;693
665;795;667;795
666;572;674;567
667;811;668;811
670;431;669;432
670;142;671;142
670;569;670;570
723;741;670;755
670;794;671;794
695;139;671;140
673;184;671;184
671;569;671;568
675;793;671;793
675;430;674;431
678;124;675;124
676;183;675;183
675;567;675;566
676;566;676;565
676;792;681;792
677;183;679;183
677;594;684;591
677;731;679;731
681;124;679;124
679;430;915;367
680;183;681;183
680;450;681;449
680;731;680;729
681;280;682;278
681;281;683;278
681;564;688;559
681;593;682;593
690;728;681;729
683;183;682;183
682;281;686;278
689;790;682;791
698;804;682;808
685;278;683;282
684;592;683;592
693;589;683;593
693;701;683;690
685;427;684;428
685;283;687;278
686;427;685;428
689;559;685;562
685;591;687;591
691;805;685;808
686;283;688;278
686;560;686;561
686;575;694;576
686;576;686;578
686;728;699;726
687;283;689;278
687;575;692;590
698;570;687;578
692;139;688;139
698;181;688;181
699;193;688;194
689;590;688;590
689;283;691;278
690;426;689;427
690;283;690;278
699;574;690;573
698;575;690;574
694;588;690;577
691;559;698;554
692;276;755;273
692;558;696;555
692;572;702;573
696;805;692;805
693;588;695;588
712;785;693;788
700;276;695;284
695;557;699;554
700;573;695;571
706;286;696;285
696;587;698;587
701;276;697;285
699;276;698;285
699;285;703;276
700;570;699;570
701;587;699;587
699;804;716;800
700;180;702;180
704;276;700;285
700;554;701;553
701;569;700;569
707;122;701;122
701;285;705;276
701;554;702;553
701;568;712;570
703;586;702;586
702;685;706;683
706;746;702;746
705;138;703;138
703;572;703;567
704;423;705;422
704;553;709;549
704;567;704;572
704;685;704;684
729;692;704;699
719;559;705;572
705;684;705;683
706;287;710;288
706;552;710;549
719;568;706;566
706;572;707;565
710;585;706;585
709;723;706;723
707;180;708;180
715;289;707;288
708;565;707;572
721;120;708;122
709;564;708;571
708;683;710;682
708;801;712;801
709;288;716;289
709;571;710;564
710;571;711;563
712;193;711;193
711;549;712;548
712;563;711;571
711;584;712;584
711;697;712;697
712;549;717;545
712;583;714;583
714;681;712;682
713;138;715;137
858;398;713;434
713;563;721;567
714;570;713;570
713;682;715;681
713;784;713;783
714;548;719;544
724;565;714;562
722;566;714;569
717;783;714;783
719;432;715;437
715;562;715;569
716;582;715;582
715;695;717;695
722;192;716;193
717;290;716;290
716;547;720;544
720;122;717;120
717;291;719;291
718;432;717;434
717;437;723;431
718;582;717;582
717;799;717;800
718;179;720;179
718;681;723;678
718;782;722;782
718;799;718;798
719;681;723;679
722;693;719;694
720;559;723;566
720;581;721;581
720;693;725;692
721;292;722;292
722;435;721;436
738;562;721;543
721;558;736;576
724;449;722;449
748;572;722;542
723;581;722;581
722;680;732;691
725;292;723;292
723;418;724;417
749;572;723;542
723;558;728;564
727;780;723;780
724;431;724;435
753;571;724;541
724;580;725;580
725;557;725;565
726;293;727;293
730;431;726;435
726;541;734;536
726;565;727;555
727;718;726;718
728;796;726;797
727;435;729;431
731;448;727;449
727;556;731;563
727;678;731;676
731;431;728;435
728;580;728;579
728;718;728;717
730;293;729;293
729;449;735;448
730;554;729;564
729;578;729;579
729;717;729;716
730;435;735;430
730;691;731;691
730;796;739;793
739;135;731;135
732;676;731;677
732;294;735;294
732;435;738;429
732;563;734;553
732;577;736;577
736;715;732;716
739;429;733;435
733;553;733;563
733;676;741;687
734;415;734;414
741;428;734;435
736;563;735;563
735;676;802;654
736;435;740;435
737;448;736;448
736;551;736;552
737;429;743;435
738;535;737;535
737;536;742;532
737;562;737;550
738;414;739;413
738;448;748;448
738;688;754;685
738;736;746;734
740;777;738;777
739;274;740;274
739;549;741;549
739;576;741;575
740;560;740;561
741;435;742;435
741;534;744;531
741;777;741;776
745;713;742;713
742;734;758;731
742;775;750;774
743;548;760;569
743;560;749;558
743;775;745;775
744;435;746;435
744;574;745;574
746;120;745;120
745;298;750;299
745;531;746;531
750;711;745;712
746;298;762;285
750;670;746;672
758;709;746;711
749;435;747;435
749;530;747;530
757;541;747;531
747;547;763;568
753;685;747;686
748;135;758;135
764;567;748;546
748;559;761;554
762;447;749;448
757;555;749;544
751;670;749;671
752;191;750;191
755;435;750;426
750;435;754;425
750;530;755;541
750;544;759;555
751;572;750;572
753;299;751;299
751;435;754;435
761;538;752;529
752;543;760;554
763;554;752;558
753;119;759;119
754;191;753;191
753;301;769;304
753;410;754;409
753;447;755;447
754;542;753;542
753;572;754;571
753;669;755;669
753;790;762;787
756;178;754;178
761;537;754;526
754;683;755;683
762;682;754;684
757;285;755;286
755;287;761;285
762;537;755;526
755;556;756;555
775;726;755;731
758;788;755;790
756;288;763;285
765;285;756;289
763;537;756;526
757;302;768;285
757;435;761;435
766;535;757;525
757;526;763;536
758;540;757;540
757;570;759;570
759;289;758;289
765;535;758;524
765;536;758;525
760;539;758;539
771;680;758;682
758;730;775;725
769;135;759;135
759;569;760;568
759;708;761;708
763;119;760;119
769;285;760;289
765;421;760;422
761;178;765;178
762;303;778;274
762;435;767;434
763;522;762;522
763;553;762;554
762;708;762;707
763;290;766;285
763;291;767;285
771;434;763;435
763;447;767;447
774;704;763;706
764;521;766;521
764;553;768;553
776;767;764;769
770;176;765;176
774;285;765;291
766;178;772;178
768;191;766;191
766;304;784;274
766;520;767;520
766;705;773;704
769;519;767;519
768;727;767;727
775;176;768;178
771;565;768;565
769;305;779;294
779;447;769;447
780;274;770;285
770;518;772;518
770;552;771;551
775;191;771;191
781;528;771;532
771;552;772;551
771;679;771;678
771;704;775;703
777;273;772;273
772;517;782;526
772;678;789;673
774;726;772;726
773;178;780;176
773;293;785;274
773;404;774;404
775;434;773;434
777;447;773;447
773;517;783;526
783;560;773;550
774;293;786;274
790;286;774;307
784;526;774;517
784;560;774;550
780;294;775;285
793;274;775;293
775;516;785;525
778;724;775;724
776;178;784;176
783;191;776;191
776;285;781;295
776;293;790;274
778;434;776;434
786;524;776;515
868;465;776;516
776;564;776;563
858;672;776;703
791;286;777;307
780;529;777;529
778;178;778;176
778;419;780;419
778;514;788;523
778;549;785;560
785;675;778;677
778;701;786;700
786;176;779;178
791;432;779;434
780;676;779;676
780;417;781;417
780;447;796;445
780;548;790;559
780;723;782;723
792;274;781;274
781;513;791;522
781;527;782;527
793;762;781;764
782;178;784;178
782;295;789;286
782;434;798;432
782;512;792;522
782;548;793;544
782;561;783;561
793;698;782;700
785;722;782;722
783;780;782;782
783;274;786;285
783;547;793;558
784;285;794;274
788;658;784;659
785;191;793;191
785;285;795;274
795;519;785;510
785;763;794;761
786;434;793;432
799;445;786;447
786;545;795;542
796;557;786;546
786;559;789;559
787;673;786;673
787;178;788;176
787;779;791;779
788;447;790;447
788;508;799;518
789;176;793;178
789;178;790;178
802;432;789;434
789;544;800;555
790;176;794;178
790;672;792;672
798;718;790;719
791;119;793;120
795;413;791;414
801;445;791;447
801;554;791;558
791;719;793;719
792;119;794;120
793;542;792;544
792;762;793;761
801;302;793;313
793;434;794;432
793;447;807;445
793;672;793;671
808;432;794;434
823;546;794;558
808;667;794;670
797;760;794;760
795;120;798;120
796;413;797;413
804;445;796;447
808;513;796;504
803;540;796;541
798;655;796;655
796;696;800;693
798;135;797;135
799;178;797;178
797;556;798;556
799;503;798;503
798;716;800;716
799;759;798;759
804;774;798;777
805;135;799;135
800;286;809;275
800;315;800;316
800;412;801;412
800;501;802;501
803;757;800;759
801;715;804;715
802;757;801;758
803;500;804;500
803;652;803;653
803;715;804;714
804;120;807;120
804;178;806;178
804;316;805;317
805;411;804;411
804;554;804;553
808;756;804;757
805;539;817;549
807;714;805;714
806;135;807;135
806;651;809;651
822;179;807;178
818;548;807;537
808;552;807;553
809;773;807;774
808;319;808;317
808;498;809;497
808;665;808;666
808;713;811;713
809;304;813;305
810;445;809;445
809;665;815;664
826;122;810;120
812;135;810;135
814;191;810;191
810;497;810;496
810;552;831;544
811;755;810;755
812;495;811;496
812;712;811;712
812;773;811;773
812;432;814;432
822;661;812;650
814;664;812;664
818;710;812;711
815;306;813;306
813;495;814;494
818;508;813;509
813;535;824;545
824;546;813;536
818;752;813;755
813;772;816;770
832;122;814;120
814;445;816;444
814;649;816;649
821;687;814;688
815;772;814;772
815;191;817;191
815;432;822;432
817;444;815;445
815;494;825;503
816;179;820;179
818;321;816;321
816;648;817;648
818;663;816;663
822;709;816;710
824;750;816;754
817;493;818;492
819;647;817;647
817;770;818;770
822;137;818;135
818;191;837;193
820;507;818;507
825;708;818;709
819;321;820;322
819;492;820;491
819;532;822;532
821;662;819;662
824;137;820;135
821;686;820;687
821;769;820;769
821;646;822;646
826;137;822;135
823;309;822;308
822;323;822;322
822;490;823;489
822;506;822;505
822;686;827;685
823;120;827;120
824;120;823;122
823;191;825;192
823;323;823;324
823;504;823;505
823;660;832;658
824;686;823;686
823;751;825;750
823;768;826;768
824;751;826;750
826;325;825;324
827;432;825;432
826;530;825;531
834;657;825;659
825;707;826;707
826;179;828;179
827;311;826;309
826;444;829;444
826;488;827;487
827;501;826;503
827;684;826;685
826;706;828;706
827;310;828;311
827;503;828;501
827;750;832;747
831;765;827;768
828;405;828;404
828;487;828;486
829;529;828;530
830;658;828;658
829;311;830;312
829;326;830;326
830;643;829;643
836;656;829;644
831;749;829;749
888;143;830;137
830;642;832;642
841;539;831;528
833;542;831;542
831;705;832;705
835;179;832;179
832;500;832;499
832;749;836;746
832;765;833;765
835;122;833;122
834;327;833;326
840;746;833;747
834;137;839;138
834;314;834;313
844;639;834;641
845;762;834;764
836;192;835;192
845;293;835;291
837;329;835;327
842;652;835;641
835;656;841;654
835;704;836;703
836;329;846;318
836;497;836;498
836;641;837;641
837;482;837;481
837;497;837;496
837;681;838;680
842;193;838;193
838;525;838;524
840;701;838;703
840;745;838;746
839;444;843;444
839;524;840;524
839;654;840;654
851;698;839;701
841;701;839;703
840;315;841;316
841;122;843;123
842;653;841;653
842;179;844;180
842;330;842;331
842;432;844;431
842;479;842;478
842;523;844;523
843;744;842;745
843;138;845;138
843;193;846;193
877;523;843;538
843;539;880;522
843;652;845;652
844;123;850;123
872;511;844;522
845;700;844;700
846;492;845;492
856;532;845;522
845;637;846;637
845;761;846;761
846;317;847;319
846;476;846;477
847;522;846;522
846;651;848;651
849;676;846;676
846;760;848;760
847;138;852;139
849;180;847;180
847;293;869;297
847;742;847;743
848;279;914;293
848;400;848;399
848;636;850;636
849;742;848;742
849;320;858;322
849;332;851;334
850;334;849;333
849;636;850;635
849;650;850;650
850;759;849;759
850;489;850;490
850;521;850;519
853;741;850;741
851;320;852;320
852;473;851;474
851;635;853;635
851;650;852;649
857;695;851;696
851;759;852;757
854;181;852;180
852;334;853;335
853;757;852;758
855;181;853;180
854;335;856;337
858;444;854;444
854;488;855;486
854;634;855;634
854;649;855;649
855;757;854;757
865;283;855;294
855;471;855;472
855;647;857;647
856;695;855;695
857;740;855;740
858;123;856;123
856;294;866;283
856;336;857;337
869;140;857;139
857;633;857;634
857;756;859;756
864;181;858;181
859;323;858;323
858;396;858;397
884;519;858;531
858;632;858;633
858;693;858;694
860;739;858;739
863;124;859;124
859;296;861;296
859;338;861;338
868;478;859;485
878;507;859;517
859;646;860;646
859;672;859;670
859;693;864;692
860;468;860;469
861;670;860;670
860;738;861;738
860;755;865;754
861;737;864;737
861;755;863;755
866;196;862;194
864;296;862;296
863;339;862;339
862;383;862;382
862;444;864;444
882;506;862;514
862;646;863;645
863;194;871;183
864;325;863;325
863;629;865;629
863;630;863;631
864;669;863;669
864;466;866;466
865;644;864;645
865;124;871;125
865;326;867;326
865;339;867;341
870;430;865;431
865;668;865;669
865;691;866;691
868;735;865;736
865;753;866;753
866;297;867;297
866;644;867;643
866;736;875;732
866;752;876;750
869;142;867;140
869;183;867;181
867;395;868;394
867;465;873;476
867;644;871;641
875;733;867;735
867;736;871;733
870;142;868;140
868;342;870;342
869;627;868;628
868;668;870;667
869;327;870;329
870;627;869;628
869;690;869;689
871;751;869;751
870;380;878;391
870;688;876;687
871;142;884;143
871;298;881;299
872;329;871;329
877;474;871;462
872;666;871;666
878;298;872;298
872;461;872;462
872;526;872;525
872;665;874;665
873;687;872;688
879;472;873;460
878;749;873;750
874;344;876;344
874;626;875;626
883;390;875;379
875;625;876;625
876;331;876;330
876;475;876;474
878;624;876;624
877;663;876;664
877;686;876;686
879;731;876;732
890;128;877;125
879;143;877;142
878;331;877;331
877;379;884;390
877;459;877;458
878;663;877;664
895;128;878;125
881;430;878;430
878;523;878;522
879;639;878;639
888;186;879;197
879;345;879;346
880;623;879;623
883;660;879;663
888;681;879;686
880;127;883;127
880;347;880;346
880;378;887;389
883;454;880;443
880;639;880;638
880;747;880;749
881;197;883;198
881;333;881;332
881;378;888;389
881;456;881;457
881;472;881;471
881;622;881;623
881;637;882;637
881;685;881;684
881;729;881;731
944;318;882;299
882;333;882;334
882;443;885;454
882;470;882;471
882;662;882;661
884;683;882;683
883;300;883;301
889;466;883;455
883;505;883;506
883;519;883;521
886;621;883;622
883;636;885;636
892;744;883;746
884;430;892;430
884;454;884;443
892;658;884;660
886;746;884;746
885;348;885;349
885;443;887;453
885;470;885;468
885;504;885;505
886;198;895;187
886;286;887;286
886;335;886;336
887;349;886;349
886;443;897;461
897;460;886;453
886;467;886;468
888;518;886;518
886;635;886;636
890;727;886;728
889;745;886;745
894;339;887;337
887;443;889;443
887;619;887;621
887;681;887;682
888;198;897;187
888;452;892;443
888;727;893;726
889;198;898;187
889;451;889;450
889;503;889;502
890;198;893;198
899;303;890;302
890;351;898;342
892;449;890;443
890;501;890;502
894;617;890;618
891;351;897;341
891;375;892;374
891;450;891;449
891;466;940;431
891;517;891;516
901;628;891;618
891;633;891;634
891;680;892;680
894;186;892;186
898;341;892;352
892;353;895;353
892;465;892;464
893;516;892;516
894;632;892;632
893;679;892;679
897;741;892;742
892;743;899;741
893;443;894;448
903;627;893;617
893;678;896;678
895;447;894;443
894;725;894;724
897;340;895;340
902;343;895;354
895;443;903;457
895;499;895;500
920;503;895;514
895;515;897;513
905;627;895;617
897;631;895;631
895;656;895;657
896;128;898;128
900;201;896;199
896;355;903;344
901;385;896;388
896;447;896;442
896;655;896;656
905;739;896;741
897;199;906;188
897;388;902;385
897;442;898;445
898;677;897;677
897;723;903;722
898;199;902;201
900;356;898;356
898;386;898;387
898;616;909;626
898;629;898;631
900;372;899;372
899;445;899;443
899;616;899;615
900;629;899;629
899;676;899;677
901;343;900;343
904;358;900;357
900;459;900;458
900;496;900;497
900;614;911;624
900;615;910;624
900;654;906;650
906;721;900;722
918;294;901;291
901;614;912;623
902;652;901;652
906;346;902;357
913;623;902;613
905;188;903;187
903;371;904;371
904;675;903;675
904;304;904;306
904;345;904;344
906;651;904;651
905;674;904;674
907;202;905;201
909;348;905;360
905;371;910;370
907;384;905;385
905;510;905;509
905;613;915;622
907;673;905;673
911;736;905;737
906;371;907;361
908;384;906;385
913;718;906;719
909;719;906;720
909;292;907;292
915;366;907;371
907;612;911;609
910;493;908;493
909;188;911;189
911;362;909;362
916;606;909;611
909;672;910;672
912;491;910;491
910;611;921;620
912;670;910;670
911;307;912;307
911;349;914;349
911;384;916;381
911;648;920;645
911;734;911;735
912;202;913;202
915;646;912;647
912;734;914;733
915;368;913;363
913;716;913;717
914;350;916;352
914;365;915;365
917;381;914;383
921;502;914;505
917;606;914;608
914;669;915;669
915;189;919;189
918;381;915;383
922;429;915;430
915;489;917;489
915;490;922;501
915;668;916;668
919;715;916;715
920;191;918;189
919;353;918;352
919;605;918;606
918;732;920;732
930;298;919;296
927;429;919;430
919;714;923;713
920;381;921;380
920;488;921;486
920;620;920;621
921;132;922;132
921;354;921;353
929;440;921;429
921;501;938;493
922;666;921;666
922;354;922;355
926;356;923;356
925;485;923;485
924;500;923;501
923;731;923;729
924;204;927;206
924;604;936;613
924;712;924;713
924;729;925;729
925;204;929;206
925;603;936;612
925;712;925;711
926;380;927;379
927;499;926;499
926;618;926;617
927;357;927;358
931;615;927;601
927;663;927;664
935;494;928;484
929;358;929;360
929;429;934;436
930;496;929;498
934;429;930;429
932;299;931;299
931;438;931;439
931;662;931;661
931;710;931;709
932;361;932;360
932;496;932;495
932;660;932;661
933;361;933;362
933;378;945;369
934;301;934;299
934;478;934;479
934;494;934;495
934;637;934;638
946;721;934;725
949;304;935;301
946;370;935;378
935;429;938;429
935;659;943;655
936;152;947;153
936;433;939;432
936;707;936;708
996;148;937;134
938;302;937;301
937;659;937;658
937;707;937;706
940;365;938;376
939;376;946;371
956;484;939;492
939;636;939;635
944;475;940;476
940;477;947;488
940;492;940;491
941;656;942;656
942;705;941;705
941;722;949;719
942;153;946;153
942;594;942;595
942;634;944;634
943;137;944;137
944;195;943;196
946;374;943;367
944;474;951;485
948;137;945;137
948;472;945;473
952;485;945;474
945;594;945;593
946;632;945;632
946;489;946;488
947;703;946;703
951;718;946;719
948;154;947;154
953;588;947;593
948;606;947;606
948;155;953;155
950;320;948;320
959;698;948;701
951;138;949;138
949;631;949;630
950;305;950;306
950;321;953;321
950;470;958;481
954;716;951;717
952;470;953;468
954;156;958;156
954;485;954;484
956;139;955;139
955;307;955;308
955;323;955;322
955;468;955;467
956;324;956;323
956;602;957;602
957;626;956;627
957;483;957;482
968;643;957;647
957;698;958;698
958;714;963;713
960;586;959;586
959;696;964;695
964;157;960;157
969;476;961;480
967;596;961;585
962;309;962;310
962;463;962;465
971;475;962;464
962;479;962;480
962;584;963;584
964;599;962;599
963;623;962;623
968;312;963;311
963;326;963;325
978;471;963;478
966;460;964;463
964;622;969;620
964;711;964;712
965;140;966;140
976;316;965;326
965;460;967;460
965;693;966;693
972;143;966;142
966;327;968;327
968;216;967;215
967;582;967;581
974;690;967;692
968;313;968;314
968;328;969;328
968;460;968;459
969;692;968;692
968;709;968;710
969;329;973;330
969;580;969;581
970;459;970;458
971;160;975;160
972;315;971;315
982;320;971;330
973;217;972;216
974;457;972;457
972;473;973;473
972;578;994;567
972;579;972;580
973;594;973;593
973;617;973;618
973;707;973;708
975;218;974;217
974;315;974;316
974;330;974;331
974;455;974;456
974;640;974;639
974;706;979;705
977;219;975;217
975;472;975;471
975;592;975;593
976;161;980;161
1011;215;976;203
977;144;977;145
982;205;977;204
977;615;978;615
978;453;978;454
983;587;978;576
978;591;978;590
978;614;987;611
979;204;982;206
979;318;979;317
991;323;979;319
979;469;979;470
980;204;983;206
980;319;985;320
980;468;980;469
980;573;980;575
988;586;980;588
980;590;980;589
981;220;984;220
982;451;982;452
983;451;983;450
983;685;986;684
985;336;997;327
987;337;986;337
986;448;986;449
986;466;986;465
986;586;986;587
987;632;986;632
996;679;986;683
987;465;987;464
988;610;987;610
988;207;998;211
988;464;988;463
990;631;988;631
990;164;989;164
992;224;989;221
991;584;989;585
990;339;990;338
990;447;990;446
990;463;990;462
990;584;990;585
990;630;991;630
993;681;990;682
991;165;993;165
991;222;994;224
991;446;991;445
991;568;991;569
991;607;991;608
992;699;991;699
997;225;992;222
1000;439;992;444
992;460;1001;456
992;462;992;461
992;568;992;567
992;582;992;583
994;443;994;444
995;342;995;340
995;582;995;581
995;627;995;628
1001;227;996;224
996;443;996;442
996;459;996;458
996;604;998;604
996;678;1005;675
997;342;997;343
997;441;997;442
997;580;998;580
997;695;997;696
1002;344;998;343
1009;451;998;440
998;458;998;457
1000;625;998;625
1002;227;999;225
999;439;1005;436
1019;568;999;578
999;695;1003;692
1000;211;1002;211
1000;225;1004;228
1000;327;1000;329
1000;456;1000;457
1000;602;1000;603
1001;438;1001;439
1007;452;1001;455
1001;563;1008;574
1010;597;1001;601
1002;438;1002;437
1003;562;1003;561
1004;346;1004;345
1004;437;1004;436
1004;453;1004;454
1004;561;1004;560
1004;577;1004;576
1004;623;1004;622
1004;692;1005;692
1009;215;1005;212
1005;331;1005;330
1005;346;1005;347
1014;430;1005;435
1005;559;1005;560
1006;228;1008;229
1007;331;1006;331
1006;452;1006;453
1007;348;1011;349
1007;435;1009;432
1007;691;1010;688
1008;451;1008;452
1008;558;1008;559
1010;334;1009;332
1009;349;1009;348
1009;433;1009;434
1009;619;1009;620
1009;672;1010;670
1011;334;1010;333
1010;449;1010;450
1010;557;1010;558
1011;229;1015;232
1012;431;1011;431
1011;449;1011;448
1011;557;1011;556
1012;555;1018;553
1020;567;1012;556
1013;215;1013;216
1016;232;1013;230
1013;336;1014;337
1013;351;1014;351
1013;431;1013;430
1013;447;1013;448
1014;216;1016;216
1016;338;1015;337
1015;352;1015;353
1015;428;1015;430
1015;445;1015;447
1015;668;1015;669
1015;686;1015;687
1018;427;1016;427
1016;553;1024;564
1016;569;1016;568
1020;339;1017;338
1019;356;1017;353
1017;444;1017;445
1023;342;1018;338
1018;339;1022;340
1018;426;1021;425
1018;444;1019;444
1019;218;1020;218
1019;233;1026;235
1019;355;1021;357
1019;443;1023;442
1019;613;1019;614
1027;563;1020;552
1021;234;1021;233
1021;356;1022;357
1021;550;1021;551
1021;565;1021;566
1021;590;1021;589
1023;612;1021;612
1022;234;1033;223
1023;357;1024;358
1023;424;1023;423
1025;440;1023;440
1023;589;1023;588
1026;220;1024;220
1027;236;1024;234
1027;343;1024;342
1024;423;1024;422
1024;549;1032;559
1024;664;1025;663
1025;358;1026;358
1027;587;1025;587
1026;360;1027;360
1027;438;1026;438
1026;563;1026;564
1029;221;1027;221
1028;236;1027;235
1029;344;1027;344
1027;420;1030;419
1035;432;1027;421
1028;437;1027;437
1027;548;1038;555
1027;562;1032;560
1031;677;1027;681
1039;240;1028;237
1028;436;1054;419
1033;559;1028;546
1028;585;1028;586
1030;345;1029;345
1030;436;1029;436
1029;545;1029;546
1029;562;1029;561
1031;585;1029;585
1029;606;1067;584
1030;435;1034;433
1033;544;1030;545
1034;348;1031;345
1031;363;1031;362
1031;418;1031;419
1031;544;1031;545
1032;176;1033;178
1032;222;1032;223
1032;416;1032;418
1032;434;1032;435
1032;584;1032;583
1038;601;1032;606
1038;225;1033;224
1033;365;1035;365
1033;415;1033;416
1033;583;1033;582
1034;224;1035;224
1043;425;1034;415
1034;543;1034;542
1034;582;1034;581
1037;366;1035;366
1035;604;1040;600
1038;179;1036;179
1037;413;1036;413
1036;675;1036;676
1043;355;1037;349
1038;367;1037;367
1037;412;1047;423
1037;540;1038;540
1040;368;1038;368
1038;412;1039;412
1040;578;1038;579
1039;179;1040;180
1040;227;1039;226
1042;353;1039;352
1039;411;1041;411
1039;578;1039;579
1040;241;1040;242
1040;369;1041;369
1041;180;1042;180
1042;370;1041;370
1042;410;1041;410
1041;538;1042;538
1041;539;1049;549
1041;653;1042;653
1041;654;1044;651
1042;228;1044;228
1042;371;1043;371
1042;408;1044;408
1042;537;1043;537
1042;554;1056;545
1042;600;1054;593
1042;672;1042;671
1043;243;1045;243
1043;372;1045;372
1043;536;1046;536
1047;406;1044;407
1047;183;1045;181
1045;229;1046;229
1046;356;1045;356
1047;373;1045;373
1046;407;1045;407
1053;419;1045;424
1051;667;1045;669
1049;244;1046;244
1046;357;1048;357
1046;535;1047;535
1046;575;1046;574
1046;598;1058;588
1046;651;1047;650
1049;375;1047;375
1053;402;1047;405
1047;422;1050;421
1047;573;1052;571
1048;183;1049;183
1049;230;1048;229
1048;535;1048;534
1048;549;1074;533
1050;358;1049;358
1049;376;1050;376
1049;534;1050;532
1050;167;1051;167
1050;184;1051;184
1050;230;1052;232
1051;232;1050;231
1050;245;1061;236
1051;359;1050;359
1051;420;1050;420
1050;548;1052;548
1050;595;1050;594
1052;168;1051;168
1051;245;1057;250
1052;360;1051;360
1051;376;1074;400
1051;402;1052;402
1051;532;1051;531
1051;666;1054;665
1053;185;1052;184
1052;185;1054;185
1052;247;1053;247
1052;361;1054;361
1052;531;1056;529
1052;665;1065;659
1057;169;1054;169
1054;186;1056;186
1070;239;1054;233
1055;362;1054;362
1055;400;1054;400
1054;401;1063;409
1055;417;1054;417
1054;531;1055;529
1056;363;1055;363
1056;399;1055;399
1055;569;1056;567
1056;234;1056;233
1057;364;1056;364
1067;372;1056;380
1062;393;1056;397
1056;528;1061;526
1057;544;1056;544
1056;590;1057;590
1057;663;1056;664
1057;249;1058;250
1060;366;1057;365
1057;383;1059;383
1057;414;1058;414
1059;527;1057;528
1058;543;1057;543
1061;170;1058;170
1058;413;1060;413
1058;566;1058;567
1059;588;1058;589
1059;187;1060;188
1061;188;1060;187
1070;255;1060;251
1060;367;1061;367
1062;385;1060;395
1060;412;1061;412
1060;542;1060;541
1060;564;1060;565
1063;586;1060;587
1062;237;1061;235
1061;251;1062;252
1062;411;1061;411
1061;524;1069;521
1065;523;1061;525
1064;539;1061;540
1062;564;1061;564
1064;171;1062;171
1081;384;1062;367
1062;368;1064;368
1063;563;1062;563
1063;386;1064;386
1063;391;1064;391
1065;172;1064;172
1064;189;1065;189
1066;408;1064;408
1065;562;1064;562
1065;585;1064;585
1064;640;1064;641
1065;173;1077;176
1065;252;1066;253
1068;537;1065;538
1066;537;1065;539
1065;584;1069;582
1066;189;1068;191
1068;559;1066;562
1069;191;1067;191
1068;239;1067;238
1068;254;1067;253
1067;407;1068;407
1069;520;1067;521
1067;583;1068;583
1068;639;1067;639
1068;253;1069;255
1073;534;1068;536
1068;638;1069;638
1069;404;1069;406
1071;519;1069;519
1069;559;1070;559
1069;637;1070;637
1070;192;1071;192
1070;375;1070;374
1071;403;1070;403
1070;558;1071;558
1071;240;1073;242
1071;256;1079;259
1084;390;1071;375
1073;376;1071;376
1077;516;1071;518
1072;192;1073;192
1072;240;1074;242
1084;387;1072;403
1074;556;1072;557
1072;636;1074;634
1075;193;1073;193
1074;257;1073;256
1073;533;1075;532
1106;533;1073;557
1074;516;1075;516
1074;532;1079;530
1076;554;1074;555
1077;577;1074;578
1080;629;1074;635
1075;257;1087;248
1089;181;1077;177
1077;258;1078;259
1078;398;1077;398
1077;515;1077;514
1077;553;1079;553
1078;576;1077;576
1078;195;1090;199
1079;244;1078;244
1078;258;1089;250
1078;380;1084;386
1078;396;1079;396
1078;513;1080;513
1079;395;1083;394
1080;529;1079;529
1079;576;1160;515
1082;649;1079;649
1083;247;1080;244
1080;512;1082;512
1084;525;1080;527
1080;528;1090;522
1082;550;1080;551
1080;574;1081;574
1080;630;1081;629
1084;392;1081;394
1083;549;1081;550
1088;570;1081;573
1082;245;1084;247
1082;261;1093;252
1082;647;1083;647
1083;180;1084;180
1084;385;1083;384
1083;510;1083;511
1090;644;1083;646
1084;262;1085;262
1084;509;1091;506
1084;548;1087;547
1085;247;1087;249
1085;524;1091;520
1086;523;1086;524
1097;268;1087;264
1087;546;1089;545
1087;625;1088;625
1093;202;1088;199
1088;249;1088;250
1088;522;1092;520
1088;545;1090;544
1088;624;1090;624
1090;182;1089;182
1089;506;1097;516
1092;183;1090;183
1090;623;1092;623
1091;643;1090;643
1091;251;1092;252
1091;265;1093;267
1092;504;1091;504
1093;566;1091;568
1092;642;1091;642
1101;271;1092;267
1092;503;1093;503
1092;519;1095;518
1092;542;1094;542
1094;622;1092;622
1097;517;1093;518
1095;184;1094;184
1105;259;1094;267
1094;502;1094;503
1094;564;1099;562
1096;185;1095;185
1096;202;1095;202
1105;534;1095;540
1095;621;1096;619
1096;640;1095;640
1096;186;1105;189
1096;203;1098;203
1102;513;1096;501
1098;618;1096;621
1098;269;1105;258
1100;514;1098;514
1098;619;1099;618
1098;637;1099;637
1099;270;1100;271
1105;510;1099;498
1100;498;1106;509
1100;513;1104;512
1100;561;1100;562
1101;636;1100;636
1103;206;1101;206
1106;274;1101;272
1106;494;1101;496
1107;509;1101;498
1102;615;1101;617
1105;634;1101;635
1104;274;1102;273
1110;506;1102;496
1102;535;1104;534
1103;257;1104;258
1105;614;1103;614
1104;207;1106;207
1113;528;1105;533
1105;613;1107;613
1107;631;1105;633
1106;191;1107;191
1106;209;1108;209
1107;260;1106;260
1110;276;1106;275
1106;493;1108;492
1106;633;1107;632
1107;508;1110;507
1114;193;1108;192
1113;489;1108;491
1110;529;1108;530
1109;611;1108;612
1108;630;1115;627
1110;192;1109;192
1109;210;1111;210
1109;261;1110;262
1112;489;1109;490
1110;261;1111;262
1113;551;1110;554
1110;610;1110;611
1111;211;1114;211
1111;277;1114;280
1111;505;1114;504
1112;553;1111;553
1112;628;1111;629
1113;263;1114;263
1116;626;1113;627
1114;194;1115;194
1115;212;1114;212
1114;264;1121;267
1115;487;1114;487
1119;500;1114;488
1114;527;1123;518
1118;604;1114;608
1115;195;1121;197
1116;213;1115;213
1115;486;1118;485
1115;502;1116;502
1115;525;1119;523
1118;605;1115;606
1124;198;1116;196
1116;214;1118;214
1118;282;1116;280
1120;483;1116;485
1117;549;1116;549
1116;625;1117;625
1124;269;1117;266
1117;501;1117;500
1117;523;1120;522
1119;548;1117;548
1118;266;1119;267
1118;281;1119;282
1121;215;1119;215
1119;283;1120;284
1119;483;1121;482
1120;547;1119;547
1120;622;1119;624
1121;198;1120;197
1120;283;1121;284
1124;480;1120;482
1120;498;1121;498
1123;519;1120;520
1123;600;1120;604
1123;216;1121;216
1121;268;1123;268
1121;496;1123;496
1126;517;1121;519
1121;601;1124;600
1123;621;1121;622
1127;273;1122;268
1122;284;1126;288
1124;479;1122;480
1122;544;1122;545
1122;622;1122;621
1123;495;1128;493
1125;199;1124;199
1124;217;1125;217
1127;477;1124;478
1125;618;1124;621
1127;201;1125;200
1125;218;1126;218
1127;288;1125;286
1125;478;1125;477
1125;494;1127;493
1125;600;1127;598
1130;491;1126;493
1126;540;1129;539
1127;476;1129;476
1127;516;1128;516
1129;596;1127;599
1128;220;1136;223
1133;293;1128;288
1128;514;1131;513
1129;540;1128;540
1130;596;1128;598
1130;202;1129;202
1129;273;1130;274
1129;475;1131;475
1129;491;1133;489
1135;294;1130;289
1132;489;1130;490
1133;536;1130;539
1130;595;1136;593
1132;203;1131;202
1136;205;1131;203
1131;221;1142;210
1131;274;1131;275
1131;473;1132;473
1132;512;1131;512
1131;539;1131;538
1132;291;1134;293
1132;472;1136;470
1133;511;1132;511
1132;614;1137;612
1133;203;1135;205
1138;280;1133;275
1137;469;1133;471
1133;487;1136;486
1134;510;1133;510
1137;485;1134;486
1134;509;1135;509
1135;508;1138;507
1135;535;1139;530
1139;207;1136;206
1136;224;1137;225
1136;294;1137;294
1136;469;1138;468
1136;591;1137;591
1142;283;1137;278
1137;296;1137;295
1140;483;1137;484
1139;483;1138;483
1138;506;1139;506
1139;588;1138;590
1139;609;1138;611
1139;209;1142;209
1139;227;1151;233
1139;297;1139;296
1141;465;1139;466
1142;504;1139;505
1142;481;1140;482
1143;503;1140;504
1140;587;1142;587
1152;291;1141;297
1141;530;1143;529
1144;604;1141;608
1148;287;1142;281
1145;302;1142;298
1147;476;1142;463
1142;480;1143;480
1142;586;1144;585
1143;606;1142;606
1145;211;1143;211
1143;300;1147;302
1143;462;1148;475
1146;477;1143;478
1145;478;1143;479
1148;499;1143;501
1145;501;1143;502
1148;304;1145;301
1153;470;1145;460
1147;524;1145;527
1145;585;1148;581
1145;604;1147;603
1147;231;1146;231
1150;289;1146;284
1149;458;1146;459
1148;459;1146;460
1147;602;1146;604
1147;286;1148;286
1147;459;1155;469
1149;474;1147;475
1148;303;1158;294
1150;496;1148;497
1148;601;1154;598
1149;233;1152;234
1150;288;1149;288
1160;296;1149;304
1157;467;1149;457
1152;472;1149;473
1149;496;1154;494
1149;522;1150;521
1149;600;1152;599
1150;305;1151;305
1150;457;1157;466
1153;471;1150;472
1150;522;1152;519
1153;577;1150;581
1151;306;1154;307
1159;466;1151;455
1151;457;1158;466
1152;215;1153;216
1152;289;1160;297
1152;307;1155;308
1152;454;1160;464
1160;465;1152;455
1152;520;1154;518
1153;454;1161;463
1154;235;1154;236
1162;462;1154;453
1154;454;1162;461
1154;493;1156;492
1156;517;1154;519
1156;596;1154;597
1155;237;1159;238
1155;309;1156;309
1155;452;1163;461
1156;468;1155;468
1155;577;1157;573
1156;595;1155;597
1160;239;1156;238
1157;310;1156;310
1160;489;1156;491
1156;576;1157;574
1157;311;1158;311
1157;450;1158;450
1166;459;1157;451
1158;594;1157;594
1158;220;1160;220
1158;312;1160;313
1159;515;1158;516
1158;573;1160;572
1159;294;1168;303
1169;304;1159;312
1159;449;1168;456
1163;485;1159;490
1159;573;1159;572
1161;240;1160;240
1166;317;1160;314
1166;458;1160;447
1160;448;1165;459
1161;513;1160;513
1160;593;1161;590
1161;221;1161;222
1161;241;1162;241
1163;315;1161;314
1167;457;1161;446
1161;488;1170;477
1170;506;1161;512
1162;570;1161;572
1162;222;1163;222
1162;242;1163;242
1162;445;1171;453
1168;457;1162;446
1171;582;1162;571
1164;588;1162;590
1164;223;1163;223
1163;444;1169;456
1163;460;1164;460
1176;500;1163;512
1166;225;1164;224
1167;244;1164;243
1169;455;1164;443
1166;567;1164;568
1166;566;1164;570
1165;244;1168;245
1175;450;1165;442
1174;450;1165;443
1165;484;1171;476
1165;588;1165;587
1167;226;1166;226
1166;244;1167;245
1166;318;1168;319
1166;319;1169;320
1176;449;1166;441
1174;451;1166;442
1166;587;1167;585
1167;227;1177;232
1169;439;1167;440
1167;441;1172;453
1167;507;1169;506
1168;564;1167;566
1168;227;1169;227
1168;440;1178;448
1168;585;1170;582
1171;228;1169;228
1169;245;1172;250
1173;307;1169;303
1169;321;1171;322
1169;438;1179;446
1169;563;1169;564
1170;583;1169;585
1170;305;1174;307
1179;445;1170;436
1170;437;1190;458
1170;479;1173;475
1172;503;1170;504
1170;562;1170;563
1173;580;1170;584
1171;323;1173;324
1171;435;1180;444
1180;445;1171;436
1183;494;1171;503
1171;562;1171;561
1172;307;1178;310
1174;325;1172;324
1181;444;1172;435
1172;560;1172;561
1173;251;1176;251
1183;442;1173;434
1173;435;1182;444
1174;452;1173;452
1173;476;1178;470
1175;500;1173;502
1173;560;1173;559
1183;493;1174;500
1175;325;1197;351
1184;441;1175;432
1175;433;1183;441
1176;473;1175;474
1175;559;1175;558
1178;577;1175;578
1175;579;1177;578
1178;576;1175;580
1178;252;1176;252
1176;431;1185;440
1184;440;1176;432
1176;558;1176;557
1179;255;1177;252
1185;438;1177;430
1185;439;1177;431
1180;234;1178;234
1178;312;1179;312
1178;429;1186;437
1186;438;1178;430
1179;554;1178;556
1179;254;1181;255
1179;313;1180;313
1179;427;1189;434
1179;428;1189;435
1180;576;1179;576
1180;235;1183;236
1180;255;1182;256
1180;314;1181;314
1190;433;1180;426
1190;434;1180;427
1180;469;1180;468
1180;495;1181;494
1180;554;1180;553
1181;235;1182;235
1181;315;1183;316
1181;574;1181;575
1183;333;1182;333
1182;426;1191;432
1183;550;1182;553
1182;573;1182;574
1183;237;1187;239
1183;238;1186;239
1183;257;1185;260
1184;317;1183;317
1184;334;1183;334
1183;423;1193;431
1192;431;1183;425
1184;491;1183;492
1183;552;1184;549
1184;257;1187;261
1187;260;1184;259
1184;318;1185;318
1184;421;1195;429
1194;429;1184;422
1193;430;1184;423
1184;464;1186;462
1184;572;1186;570
1186;319;1185;319
1196;428;1185;420
1195;428;1185;421
1185;549;1185;548
1186;420;1196;427
1186;571;1187;569
1210;347;1187;320
1187;338;1198;331
1187;339;1198;332
1187;419;1197;426
1187;488;1188;488
1187;547;1187;548
1189;242;1188;242
1189;262;1188;262
1199;332;1188;339
1188;417;1198;424
1198;425;1188;418
1188;436;1188;435
1188;487;1189;486
1188;547;1189;544
1188;568;1188;569
1189;243;1192;244
1200;333;1189;340
1200;334;1189;341
1189;415;1199;424
1192;483;1189;485
1189;566;1189;567
1189;568;1190;565
1190;262;1191;264
1195;411;1190;414
1190;415;1200;424
1190;485;1190;484
1190;542;1195;540
1193;245;1191;244
1191;325;1195;327
1201;422;1191;413
1200;422;1191;414
1192;264;1194;266
1201;420;1192;412
1201;421;1192;413
1193;563;1192;565
1193;244;1241;294
1193;266;1195;266
1193;411;1202;419
1193;412;1202;420
1193;481;1195;481
1199;535;1193;540
1195;267;1196;267
1196;328;1195;328
1195;409;1205;416
1204;416;1195;410
1195;539;1196;537
1196;560;1195;563
1196;350;1197;350
1196;407;1208;410
1198;451;1196;452
1196;478;1201;474
1197;536;1196;539
1197;559;1196;562
1197;249;1197;250
1197;268;1197;269
1197;405;1207;411
1197;406;1207;412
1198;251;1198;250
1198;355;1201;357
1198;404;1200;403
1198;405;1206;414
1199;534;1198;536
1198;559;1198;558
1199;271;1200;271
1200;356;1199;356
1199;404;1207;413
1199;449;1199;450
1199;475;1205;470
1199;557;1200;557
1200;272;1205;276
1201;358;1200;357
1200;448;1201;448
1207;257;1201;253
1209;280;1201;274
1201;359;1203;361
1201;399;1211;405
1201;400;1202;399
1211;407;1201;401
1201;447;1203;446
1201;556;1204;552
1202;338;1204;339
1202;397;1212;403
1202;398;1212;404
1202;554;1202;553
1203;362;1205;364
1213;401;1203;395
1213;402;1203;396
1203;445;1204;445
1215;401;1204;394
1214;401;1204;395
1204;470;1206;468
1204;530;1212;541
1204;553;1207;548
1216;359;1205;365
1206;367;1205;366
1205;392;1215;398
1215;400;1205;394
1213;540;1205;529
1206;277;1206;279
1207;370;1206;369
1217;395;1206;389
1206;390;1217;396
1206;391;1216;397
1206;443;1207;441
1216;537;1206;527
1206;549;1206;551
1211;282;1207;280
1207;388;1218;394
1219;390;1208;383
1208;409;1209;409
1219;536;1208;525
1208;547;1208;548
1212;353;1209;347
1209;524;1209;523
1210;281;1210;282
1210;522;1211;522
1220;533;1210;523
1211;545;1210;545
1210;546;1211;543
1212;284;1211;284
1211;350;1212;350
1211;462;1215;459
1212;519;1211;521
1212;285;1214;286
1212;521;1222;532
1218;455;1213;459
1215;517;1213;518
1215;265;1214;265
1214;287;1215;287
1214;355;1214;356
1225;528;1214;517
1218;267;1215;266
1216;288;1215;288
1215;515;1225;527
1216;538;1215;538
1217;267;1216;267
1216;290;1217;290
1228;438;1216;430
1227;441;1216;431
1219;453;1216;456
1216;515;1226;527
1217;291;1219;292
1217;361;1218;361
1217;514;1227;525
1220;293;1218;292
1218;428;1229;435
1219;427;1218;429
1218;512;1228;524
1219;512;1218;513
1218;536;1219;534
1219;270;1219;268
1229;522;1219;511
1220;271;1220;270
1220;295;1221;295
1220;426;1220;427
1230;522;1220;511
1221;272;1221;271
1221;296;1223;297
1221;425;1229;437
1231;520;1221;509
1221;532;1221;533
1223;423;1222;424
1224;298;1223;298
1223;448;1231;427
1224;505;1223;506
1233;518;1223;507
1225;529;1223;530
1224;275;1224;274
1226;501;1224;506
1225;276;1225;275
1225;301;1225;299
1228;303;1226;302
1226;303;1228;304
1226;420;1231;426
1227;419;1231;421
1227;420;1231;422
1227;501;1229;499
1228;305;1229;305
1231;420;1228;418
1228;440;1228;439
1229;280;1229;279
1229;307;1231;308
1229;419;1231;419
1241;509;1230;498
1230;521;1231;521
1231;282;1231;284
1232;309;1231;309
1231;519;1232;519
1232;311;1233;311
1233;284;1235;289
1233;519;1235;515
1236;316;1234;314
1234;315;1235;316
1237;486;1235;488
1236;291;1238;291
1236;317;1237;318
1239;320;1236;318
1236;486;1237;485
1236;488;1247;499
1238;513;1236;514
1238;512;1237;514
1249;496;1238;485
1239;292;1240;294
1241;482;1240;482
1242;297;1241;295
1241;322;1249;343
1241;325;1241;324
1241;480;1241;481
1242;477;1242;479
1244;473;1246;472
1246;303;1246;302
1248;306;1247;306
1248;498;1247;501
1248;307;1249;307
1249;341;1251;343
1252;314;1250;308
1250;496;1250;495
1251;495;1252;491
1252;349;1252;347
1252;457;1252;458
1252;459;1254;450
1252;494;1252;492
1253;314;1254;318
1253;353;1253;352
1253;489;1253;491
1255;450;1256;446
1255;488;1256;485
1256;319;1257;322
1257;442;1256;449
1257;484;1256;487
1258;441;1259;440
1258;484;1258;483
1261;327;1259;325
1259;366;1259;368
1260;327;1260;325
1261;430;1260;431
1261;330;1261;328
1261;329;1262;330
1261;377;1261;386
1264;333;1262;332
1262;387;1262;417
1262;400;1264;401
1262;401;1264;402
1262;402;1264;403
1264;404;1262;403
1265;467;1265;469
1267;461;1265;470
1269;344;1268;344
1272;446;1269;460
1270;348;1270;351
1273;360;1274;360
1274;361;1274;363
1277;426;1274;446
1279;379;1276;377
1277;378;1277;395
1277;416;1279;417
1279;421;1277;420
1278;395;1279;389
